              precision    recall  f1-score   support

          ar      0.000     0.000     0.000        29
          be      0.048     0.029     0.036        35
          el      0.132     0.333     0.189        21
          en      0.208     0.161     0.182        31
          in      0.200     0.143     0.167        28
          ja      0.000     0.000     0.000        24
          ru      0.136     0.125     0.130        24
          th      0.071     0.037     0.049        27
          tr      0.042     0.037     0.039        27
          uk      0.111     0.069     0.085        29
          zh      0.073     0.280     0.116        25

    accuracy                          0.103       300
   macro avg      0.093     0.110     0.090       300
weighted avg      0.093     0.103     0.088       300
